1 3.954548
2 3.463256
3 4.444982
4 3.463256
5 3.954548
6 1.984211
7 3.954548
8 3.954548
9 3.954548
10 3.954548
11 3.954548
12 3.463256
13 4.934561
14 3.954548
15 2.500000
16 3.463256
17 3.954548
18 3.954548
19 3.954548
20 2.500000
21 2.500000
22 3.954548
23 3.463256
24 2.500000
25 3.463256
26 2.500000
27 2.500000
28 4.934561
29 3.954548
30 2.500000
31 3.954548
32 2.500000
33 4.444982
34 3.463256
35 4.444982
36 4.444982
37 4.444982
38 3.463256
39 1.998233
40 3.954548
41 3.954548
42 3.463256
43 4.934561
44 3.463256
45 3.954548
46 3.954548
47 2.500000
48 3.954548
49 2.500000
50 3.463256
