1 1.000000
2 0.000000
3 0.000000
4 0.000000
5 0.000000
6 0.000000
7 0.497361
8 0.497361
9 0.497361
10 0.000000
11 0.497361
12 0.497361
13 0.000000
14 0.497361
15 0.497361
16 0.000000
17 0.497361
18 0.000000
19 0.498238
20 0.000000
21 0.497361
22 0.000000
23 0.000000
24 0.000000
25 0.000000
26 0.000000
27 0.000000
28 0.000000
29 0.000000
30 0.000000
31 0.000000
32 0.000000
33 0.000000
34 0.000000
35 0.000000
36 0.000000
37 0.000000
38 0.000000
39 0.000000
40 0.000000
41 0.000000
42 0.000000
43 0.000000
44 0.000000
45 0.498238
46 0.000000
47 0.000000
48 0.000000
49 0.000000
50 0.000000
